      0/49     3.05G   0.04492   0.02321  0.009469    0.0776        37       640    0.6382     0.454    0.4599    0.2713   0.08435   0.05391   0.02061
      1/49     5.39G   0.03394   0.02225   0.00374   0.05993        19       640    0.7289    0.4373    0.4787    0.3002   0.07781   0.06446   0.01943
      2/49     5.82G   0.03159   0.02154  0.002405   0.05554        28       640    0.7087    0.3982    0.4497    0.2831   0.07499   0.06839   0.01992
      3/49     5.82G   0.02967   0.02103  0.001739   0.05244        38       640      0.66    0.4132    0.4508    0.2818    0.0747   0.07204    0.0204
      4/49     5.82G   0.02747   0.02006  0.001297   0.04883        70       640    0.6547    0.4105    0.4561    0.2924   0.07352   0.07966   0.01857
      5/49     5.82G   0.02639   0.01942  0.001153   0.04697        18       640    0.6491    0.4041     0.443    0.2862   0.07212    0.0865    0.0184
      6/49     5.82G   0.02575   0.01932 0.0009745   0.04605        61       640    0.6103    0.4119     0.443    0.2824   0.06976   0.09109   0.01888
      7/49     5.82G   0.02545   0.01927 0.0008909   0.04561        10       640    0.6615    0.3904     0.433    0.2791   0.06764   0.09348   0.01866
      8/49     5.83G   0.02494   0.01982 0.0007888   0.04555        84       640    0.6223    0.3842    0.4226    0.2733   0.06816   0.09529   0.01836
      9/49     5.83G    0.0243    0.0197 0.0007236   0.04472        41       640    0.6495    0.3981    0.4366    0.2809    0.0681   0.09722   0.01846
     10/49     5.83G   0.02381   0.01957 0.0006738   0.04405        41       640    0.6265    0.4037    0.4336    0.2797   0.06808   0.09955   0.01863
     11/49     5.83G   0.02337   0.01927 0.0006388   0.04329        53       640    0.6497    0.3928    0.4308    0.2749   0.06821    0.1028   0.01906
     12/49     5.83G   0.02293   0.01923 0.0006059   0.04277        53       640    0.6266    0.3878    0.4153    0.2681    0.0695    0.1012   0.01905
     13/49     5.83G   0.02254   0.01882 0.0005753   0.04194        21       640    0.6089    0.3971    0.4204    0.2747   0.06992    0.1013   0.01906
     14/49     5.83G   0.02217   0.01877  0.000529   0.04147        92       640     0.656    0.3936    0.4316    0.2753   0.07024    0.1034   0.01968
     15/49     5.83G   0.02194   0.01863 0.0005183   0.04109        58       640    0.6076    0.3808    0.4113    0.2675   0.07006    0.1049   0.01922
     16/49     5.83G   0.02168   0.01845 0.0004892   0.04061        87       640    0.6669    0.3745    0.4179    0.2707   0.06993     0.107      0.02
     17/49     5.83G   0.02144   0.01847  0.000485   0.04039        85       640     0.591    0.4004    0.4211    0.2723   0.06983    0.1055   0.01967
     18/49     5.83G    0.0212   0.01825 0.0004537    0.0399        55       640    0.6161    0.3899    0.4221     0.275   0.07001    0.1048   0.01981
     19/49     5.83G   0.02098    0.0181 0.0004466   0.03953        74       640    0.5952    0.3878    0.4133    0.2715   0.07039    0.1056   0.02052
     20/49     5.83G   0.02078   0.01801 0.0004243   0.03921        83       640    0.6116    0.3767    0.4072    0.2687   0.07035     0.106   0.02063
     21/49     5.83G    0.0206   0.01789  0.000406   0.03889        45       640    0.5873    0.3808    0.4013     0.267   0.07043    0.1064   0.02088
     22/49     5.83G    0.0205   0.01785 0.0003891   0.03874        26       640    0.5936    0.3728     0.402    0.2681   0.07068    0.1062   0.02069
     23/49     5.83G   0.02033   0.01779 0.0003913   0.03851        61       640    0.5937     0.376    0.4064    0.2698   0.07061    0.1066   0.02064
     24/49     5.83G    0.0202   0.01773 0.0003676    0.0383        40       640    0.6265    0.3696    0.4076    0.2707   0.07067    0.1069   0.02036
     25/49     5.83G   0.02002   0.01753  0.000367   0.03793       102       640    0.6299    0.3691    0.4085    0.2703   0.07053     0.107   0.02015
     26/49     5.83G    0.0198   0.01747 0.0003462   0.03761        34       640    0.5938    0.3862    0.4105    0.2719    0.0704    0.1069   0.02013
     27/49     5.83G   0.01966    0.0174 0.0003455    0.0374        32       640    0.5835    0.3893    0.4105    0.2721   0.07037    0.1067   0.02013
     28/49     5.83G   0.01956   0.01722 0.0003212   0.03711        59       640    0.5947    0.3847    0.4098    0.2717   0.07038     0.107   0.02015
     29/49     5.83G   0.01939   0.01715  0.000315   0.03686       101       640    0.5628    0.3996    0.4125    0.2724   0.07045    0.1071   0.02019
     30/49     5.83G    0.0193   0.01715 0.0003099   0.03676        59       640    0.5827    0.3961     0.414    0.2733   0.07049    0.1071   0.02023
     31/49     5.83G   0.01916   0.01712 0.0002986   0.03658        84       640    0.6088    0.3897    0.4157    0.2743   0.07055    0.1073    0.0203
     32/49     5.83G     0.019   0.01705 0.0002846   0.03633        67       640    0.6161    0.3885    0.4168    0.2753   0.07059    0.1076   0.02036
     33/49     5.83G   0.01888   0.01693  0.000275   0.03608        48       640    0.6217    0.3872    0.4176    0.2759   0.07057    0.1079   0.02038
     34/49     5.83G    0.0187   0.01678 0.0002656   0.03575        16       640    0.6264     0.385    0.4171    0.2759   0.07057     0.108   0.02045
     35/49     5.83G   0.01848   0.01659 0.0002538   0.03532        47       640    0.6176    0.3885    0.4167    0.2755   0.07056    0.1083    0.0205
     36/49     5.83G   0.01838   0.01662 0.0002533   0.03525        48       640    0.6265    0.3854    0.4163    0.2752   0.07058    0.1085   0.02056
     37/49     5.83G   0.01829   0.01651 0.0002468   0.03505        12       640    0.6229    0.3864    0.4165    0.2752   0.07058    0.1088   0.02056
     38/49     5.83G   0.01812   0.01649 0.0002355   0.03484        23       640    0.6325    0.3832    0.4163    0.2749   0.07059     0.109   0.02061
     39/49     5.83G   0.01792   0.01629 0.0002218   0.03443        20       640    0.6276    0.3839    0.4155    0.2743   0.07061    0.1093   0.02066
     40/49     5.83G   0.01784   0.01627 0.0002241   0.03433        53       640    0.6182    0.3863    0.4148    0.2738   0.07063    0.1095   0.02072
     41/49     5.83G   0.01775   0.01623 0.0002108   0.03419        73       640    0.6142    0.3865    0.4137    0.2731   0.07063    0.1097   0.02078
     42/49     5.83G    0.0176   0.01611 0.0002029   0.03391        46       640    0.6202    0.3836    0.4126    0.2724   0.07064      0.11   0.02085
     43/49     5.83G   0.01744   0.01603 0.0001928   0.03366       173       640    0.6149     0.384    0.4119    0.2718   0.07066    0.1104   0.02092
     44/49     5.83G   0.01743   0.01602 0.0001931   0.03365        61       640    0.6035    0.3882    0.4115    0.2712   0.07067    0.1107   0.02097
     45/49     5.83G   0.01726   0.01581 0.0001888   0.03326        67       640    0.6049    0.3872    0.4103    0.2707   0.07068     0.111   0.02101
     46/49     5.83G   0.01721   0.01582 0.0001854   0.03322        54       640    0.6039    0.3866    0.4095    0.2701   0.07068    0.1113   0.02105
     47/49     5.84G   0.01718   0.01588 0.0001818   0.03324       109       640    0.5944    0.3892    0.4086    0.2694   0.07069    0.1116    0.0211
     48/49     5.84G   0.01709   0.01576  0.000181   0.03304        35       640    0.5884    0.3909    0.4077    0.2689    0.0707    0.1119   0.02113
     49/49     5.84G   0.01711   0.01579 0.0001781   0.03308        23       640    0.5937    0.3882    0.4075    0.2687   0.07072    0.1123   0.02118
